1 0 20 0
2 0 26 0
3 21 42 1
4 21 45 1
5 27 46 2
6 27 52 2
7 43 64 3
10 46 66 4
11 47 66 5
8 43 68 3
12 47 68 5
9 46 72 4
14 53 72 6
13 53 74 6
15 65 83 7
16 65 85 7
24 69 85 12
22 69 86 12
21 69 87 8
17 67 87 10
18 67 89 10
19 67 89 11
26 73 89 9
20 67 90 11
25 73 91 9
23 69 92 8
27 73 92 14
28 73 94 14
29 75 94 13
34 86 101 16
30 75 103 13
41 88 103 17
32 84 103 15
40 88 103 21
33 86 103 16
46 90 105 18
42 88 105 17
37 87 105 22
43 90 105 19
36 86 105 24
53 93 107 23
47 90 107 26
45 90 107 19
39 88 108 21
31 84 108 15
49 91 108 20
35 86 109 24
56 93 110 27
54 93 110 23
48 90 110 26
50 91 111 20
59 95 111 28
38 87 111 22
52 92 112 25
51 92 112 25
57 95 112 28
60 95 112 29
44 90 114 18
55 93 115 27
58 95 115 29
66 104 117 33
65 104 118 40
61 102 119 34
67 104 120 32
79 106 121 46
75 106 121 46
118 115 121 44
117 115 121 44
80 106 121 42
114 113 121 52
111 113 121 52
76 106 121 42
102 111 121 56
113 113 121 51
72 104 121 41
99 111 121 56
84 108 121 53
110 113 121 51
98 111 121 54
120 116 121 55
101 111 121 54
68 104 121 41
119 116 121 55
87 108 121 53
94 109 121 31
130 121 121 67
100 111 121 48
93 109 121 39
91 109 121 31
71 104 121 32
112 113 121 57
90 109 121 39
97 111 121 48
70 104 121 33
69 104 121 40
85 108 121 47
109 113 121 57
129 121 121 67
105 112 121 59
88 108 121 47
126 119 121 65
107 112 121 59
103 112 121 50
124 118 121 66
127 120 121 61
104 112 121 50
89 109 121 49
62 102 121 34
92 109 121 49
125 119 121 65
83 108 121 45
122 116 121 58
128 120 121 61
121 116 121 58
86 108 121 45
73 106 121 37
64 104 121 30
123 118 121 66
115 113 121 60
95 110 121 35
63 104 121 30
74 106 121 43
77 106 121 37
78 106 121 43
96 110 121 35
108 112 121 38
116 113 121 60
106 112 121 38
81 106 121 36
82 106 121 36
