1 0 13 0
2 0 17 0
3 14 28 1
4 14 30 1
5 18 31 2
6 18 34 2
7 29 43 3
10 31 44 4
11 32 44 5
8 29 45 3
12 32 45 5
9 31 48 4
14 35 48 6
13 35 49 6
15 44 55 7
16 44 56 7
24 46 57 12
22 46 57 12
21 46 58 8
17 45 58 10
18 45 59 10
19 45 59 11
26 49 59 9
20 45 60 11
25 49 61 9
23 46 61 8
27 49 61 14
28 49 62 14
29 50 62 13
34 57 67 16
30 50 68 13
41 59 69 17
32 56 69 15
40 59 69 21
33 57 69 16
46 60 70 18
42 59 70 17
37 58 70 22
43 60 70 19
36 58 70 24
53 62 71 23
47 60 71 26
45 60 71 19
39 59 72 21
31 56 72 15
49 61 72 20
35 58 73 24
56 62 73 27
54 62 73 23
48 60 73 26
50 61 74 20
59 63 74 28
38 58 74 22
52 62 74 25
51 62 74 25
57 63 74 28
60 63 75 29
44 60 76 18
55 62 76 27
58 63 77 29
66 70 78 33
65 70 79 40
61 68 79 34
67 70 80 32
79 71 80 46
75 71 80 46
118 77 80 44
117 77 80 44
80 71 80 42
114 75 80 52
111 75 80 52
76 71 80 42
102 74 80 56
113 75 80 51
72 70 80 41
99 74 80 56
84 72 80 53
110 75 80 51
98 74 80 54
120 77 80 55
101 74 80 54
68 70 80 41
119 77 80 55
87 72 80 53
94 73 80 31
100 74 80 48
93 73 80 39
91 73 80 31
71 70 80 32
112 75 80 57
90 73 80 39
97 74 80 48
70 70 80 33
69 70 80 40
85 72 80 47
109 75 80 57
105 75 80 59
88 72 80 47
126 80 80 65
107 75 80 59
103 75 80 50
124 79 80 66
127 80 80 61
104 75 80 50
89 73 80 49
62 68 80 34
92 73 80 49
125 80 80 65
83 72 80 45
122 78 80 58
128 80 80 61
121 78 80 58
86 72 80 45
73 71 80 37
64 69 80 30
123 79 80 66
115 76 80 60
95 74 80 35
63 69 80 30
74 71 80 43
77 71 80 37
78 71 80 43
96 74 80 35
108 75 80 38
116 76 80 60
106 75 80 38
81 71 80 36
82 71 80 36
