1 0 8 0
2 0 10 0
3 9 17 1
4 9 18 1
5 11 18 2
6 11 20 2
7 18 25 3
10 19 26 4
11 19 26 5
8 18 27 3
12 19 27 5
9 19 28 4
14 21 29 6
13 21 29 6
15 26 33 7
16 26 34 7
24 28 34 12
22 28 34 12
21 28 34 8
17 27 35 10
18 27 35 10
19 27 35 11
26 29 35 9
20 27 36 11
25 29 36 9
23 28 36 8
27 30 37 14
28 30 37 14
29 30 37 13
34 35 40 16
30 30 41 13
41 36 41 17
32 34 41 15
40 35 41 21
33 35 41 16
46 36 42 18
42 36 42 17
37 35 42 22
43 36 42 19
36 35 42 24
53 37 43 23
47 36 43 26
45 36 43 19
39 35 43 21
31 34 43 15
49 37 43 20
35 35 43 24
56 38 44 27
54 37 44 23
48 36 44 26
50 37 44 20
59 38 44 28
38 35 44 22
52 37 44 25
51 37 44 25
57 38 44 28
60 38 45 29
44 36 45 18
55 38 46 27
58 38 46 29
66 42 47 33
65 42 47 40
61 41 47 34
67 42 48 32
79 43 48 46
75 43 48 46
118 46 48 44
117 46 48 44
80 43 48 42
114 45 48 52
111 45 48 52
76 43 48 42
102 45 48 56
113 45 48 51
72 42 48 41
99 45 48 56
84 44 48 53
110 45 48 51
98 45 48 54
120 47 48 55
101 45 48 54
68 42 48 41
119 47 48 55
87 44 48 53
94 44 48 31
100 45 48 48
93 44 48 39
91 44 48 31
71 42 48 32
112 45 48 57
90 44 48 39
97 45 48 48
70 42 48 33
69 42 48 40
85 44 48 47
109 45 48 57
105 45 48 59
88 44 48 47
126 48 48 65
107 45 48 59
103 45 48 50
124 48 48 66
127 48 48 61
104 45 48 50
89 44 48 49
62 41 48 34
92 44 48 49
125 48 48 65
83 44 48 45
122 47 48 58
128 48 48 61
121 47 48 58
86 44 48 45
73 43 48 37
64 42 48 30
123 48 48 66
115 46 48 60
95 44 48 35
63 42 48 30
74 43 48 43
77 43 48 37
78 43 48 43
96 44 48 35
108 45 48 38
116 46 48 60
106 45 48 38
81 43 48 36
82 43 48 36
