1 0 40 0
2 0 53 0
4 41 85 1
5 41 90 1
7 54 93 2
8 54 104 2
10 86 129 4
14 91 132 5
16 94 133 7
11 86 136 4
17 94 136 7
13 91 144 5
20 105 145 8
19 105 149 8
22 130 167 10
23 130 170 10
34 137 171 17
32 137 173 17
31 137 174 11
25 133 175 14
26 133 178 14
28 134 178 16
37 145 179 13
29 134 180 16
36 145 183 13
33 137 184 11
39 146 185 20
40 146 188 20
42 150 188 19
49 171 203 23
43 150 206 19
46 168 207 22
48 171 207 23
58 175 207 31
60 176 207 25
54 174 210 32
61 176 210 25
63 179 210 28
66 179 210 26
52 172 211 34
65 179 215 28
68 180 215 37
77 185 215 33
45 168 216 22
57 175 216 31
71 181 216 29
51 172 219 34
69 180 221 37
78 185 221 33
81 186 221 39
72 181 222 29
55 174 223 32
85 189 223 40
74 184 224 36
75 184 224 36
83 189 224 40
86 189 225 42
64 179 229 26
80 186 230 39
84 189 231 42
95 208 235 48
94 208 237 58
88 204 238 49
96 208 240 46
89 204 242 49
91 207 242 43
92 207 242 43
97 208 242 60
98 208 242 58
99 208 242 48
100 208 242 46
101 208 242 60
103 211 242 54
104 211 242 63
105 211 242 66
106 211 242 61
107 211 242 54
108 211 242 63
109 211 242 66
110 211 242 61
112 212 242 52
113 212 242 52
115 216 242 65
116 216 242 77
117 216 242 68
118 216 242 65
119 216 242 77
120 216 242 68
122 217 242 71
123 217 242 57
124 217 242 45
125 217 242 71
126 217 242 57
127 217 242 45
129 220 242 51
130 220 242 51
132 222 242 69
133 222 242 78
134 222 242 81
135 222 242 69
136 222 242 78
137 222 242 81
139 223 242 72
140 223 242 72
142 224 242 85
143 224 242 55
144 224 242 85
145 224 242 55
147 225 242 83
148 225 242 74
149 225 242 75
150 225 242 83
151 225 242 74
152 225 242 75
154 226 242 86
155 226 242 86
157 230 242 64
158 230 242 64
160 231 242 80
161 231 242 80
163 232 242 84
164 232 242 84
166 236 242 95
167 236 242 95
169 238 242 94
170 238 242 94
172 239 242 88
173 239 242 88
175 241 242 96
176 241 242 96
