1 0 6 0
2 0 8 0
3 7 14 1
4 7 15 1
5 9 15 2
6 9 17 2
7 15 21 3
10 16 22 4
11 16 22 5
8 15 22 3
12 16 22 5
9 16 24 4
14 18 24 6
13 18 24 6
15 22 27 7
16 22 28 7
24 23 28 12
22 23 28 12
21 23 29 8
17 23 29 10
18 23 29 10
19 23 29 11
26 25 29 9
20 23 30 11
25 25 30 9
23 23 30 8
27 25 30 14
28 25 31 14
29 25 31 13
34 29 33 16
30 25 34 13
41 30 34 17
32 28 34 15
40 30 34 21
33 29 34 16
46 30 35 18
42 30 35 17
37 29 35 22
43 30 35 19
36 29 35 24
53 31 35 23
47 30 35 26
45 30 35 19
39 30 36 21
31 28 36 15
49 31 36 20
35 29 36 24
56 31 36 27
54 31 36 23
48 30 36 26
50 31 37 20
59 32 37 28
38 29 37 22
52 31 37 25
51 31 37 25
57 32 37 28
60 32 37 29
44 30 38 18
55 31 38 27
58 32 38 29
66 35 39 33
65 35 39 40
61 34 39 34
67 35 40 32
79 36 40 46
75 36 40 46
118 39 40 44
117 39 40 44
80 36 40 42
114 38 40 52
111 38 40 52
76 36 40 42
102 37 40 56
113 38 40 51
72 35 40 41
99 37 40 56
84 36 40 53
110 38 40 51
98 37 40 54
120 39 40 55
101 37 40 54
68 35 40 41
119 39 40 55
87 36 40 53
94 37 40 31
100 37 40 48
93 37 40 39
91 37 40 31
71 35 40 32
112 38 40 57
90 37 40 39
97 37 40 48
70 35 40 33
69 35 40 40
85 36 40 47
109 38 40 57
105 38 40 59
88 36 40 47
126 40 40 65
107 38 40 59
103 38 40 50
124 40 40 66
127 40 40 61
104 38 40 50
89 37 40 49
62 34 40 34
92 37 40 49
125 40 40 65
83 36 40 45
122 39 40 58
128 40 40 61
121 39 40 58
86 36 40 45
73 36 40 37
64 35 40 30
123 40 40 66
115 38 40 60
95 37 40 35
63 35 40 30
74 36 40 43
77 36 40 37
78 36 40 43
96 37 40 35
108 38 40 38
116 38 40 60
106 38 40 38
81 36 40 36
82 36 40 36
