1 0 10 0
2 0 13 0
3 11 21 1
4 11 22 1
5 14 23 2
6 14 26 2
7 22 32 3
10 23 33 4
11 24 33 5
8 22 34 3
12 24 34 5
9 23 36 4
14 27 36 6
13 27 37 6
15 33 41 7
16 33 42 7
24 35 42 12
22 35 43 12
21 35 43 8
17 34 43 10
18 34 44 10
19 34 44 11
26 37 44 9
20 34 45 11
25 37 45 9
23 35 46 8
27 37 46 14
28 37 47 14
29 38 47 13
34 43 50 16
30 38 51 13
41 44 51 17
32 42 51 15
40 44 51 21
33 43 51 16
46 45 52 18
42 44 52 17
37 44 52 22
43 45 52 19
36 43 52 24
53 47 53 23
47 45 53 26
45 45 53 19
39 44 54 21
31 42 54 15
49 46 54 20
35 43 54 24
56 47 55 27
54 47 55 23
48 45 55 26
50 46 55 20
59 48 55 28
38 44 55 22
52 46 56 25
51 46 56 25
57 48 56 28
60 48 56 29
44 45 57 18
55 47 57 27
58 48 57 29
66 52 58 33
65 52 59 40
61 51 59 34
67 52 60 32
79 53 60 46
75 53 60 46
118 58 60 44
117 58 60 44
80 53 60 42
114 57 60 52
111 57 60 52
76 53 60 42
102 56 60 56
113 57 60 51
72 52 60 41
99 56 60 56
84 54 60 53
110 57 60 51
98 56 60 54
120 58 60 55
101 56 60 54
68 52 60 41
119 58 60 55
87 54 60 53
94 55 60 31
100 56 60 48
93 55 60 39
91 55 60 31
71 52 60 32
112 57 60 57
90 55 60 39
97 56 60 48
70 52 60 33
69 52 60 40
85 54 60 47
109 57 60 57
105 56 60 59
88 54 60 47
126 60 60 65
107 56 60 59
103 56 60 50
124 59 60 66
127 60 60 61
104 56 60 50
89 55 60 49
62 51 60 34
92 55 60 49
125 60 60 65
83 54 60 45
122 58 60 58
128 60 60 61
121 58 60 58
86 54 60 45
73 53 60 37
64 52 60 30
123 59 60 66
115 57 60 60
95 55 60 35
63 52 60 30
74 53 60 43
77 53 60 37
78 53 60 43
96 55 60 35
108 56 60 38
116 57 60 60
106 56 60 38
81 53 60 36
82 53 60 36
