1 0 6 0
2 0 8 0
5 7 14 1
4 7 15 1
7 9 15 2
8 9 17 2
10 15 21 5
11 15 22 5
15 16 22 4
16 16 22 7
14 16 22 7
13 16 24 4
22 22 24 10
19 18 24 8
21 22 27 10
18 18 28 8
26 23 28 14
30 23 28 14
27 23 29 15
31 23 29 15
25 23 29 16
24 23 29 11
37 25 29 13
29 23 30 16
28 23 30 11
34 25 30 13
35 25 30 19
38 25 31 19
33 25 31 22
46 29 33 18
36 25 34 22
41 28 34 21
43 29 34 18
59 30 34 24
52 30 34 27
47 29 35 30
48 29 35 26
57 30 35 27
51 30 35 25
56 30 35 25
55 30 35 31
53 30 35 37
61 31 35 28
40 28 36 21
44 29 36 30
54 30 36 24
58 30 36 37
64 31 36 29
67 31 36 34
65 31 36 28
66 31 36 35
45 29 37 26
68 31 37 29
63 31 37 34
110 37 37 67
70 32 37 38
72 32 37 38
73 32 37 33
50 30 38 31
62 31 38 35
71 32 38 33
96 36 38 61
76 34 39 46
78 35 39 59
80 35 39 43
75 34 40 46
81 35 40 36
86 35 40 36
84 35 40 41
82 35 40 52
107 37 40 54
85 35 40 43
79 35 40 41
125 38 40 110
100 36 40 48
89 36 40 51
94 36 40 55
95 36 40 57
92 36 40 48
97 36 40 51
102 36 40 55
103 36 40 57
90 36 40 47
98 36 40 47
91 36 40 56
87 35 40 52
93 36 40 53
99 36 40 56
104 36 40 61
101 36 40 53
108 37 40 64
115 37 40 54
83 35 40 59
116 37 40 64
112 37 40 65
111 37 40 40
109 37 40 44
117 37 40 44
106 37 40 58
118 37 40 67
113 37 40 66
134 38 40 63
119 37 40 65
120 37 40 66
126 38 40 68
133 38 40 68
129 38 40 72
131 38 40 45
122 38 40 72
124 38 40 45
123 38 40 70
114 37 40 58
139 39 40 96
130 38 40 70
127 38 40 63
132 38 40 110
135 38 40 73
128 38 40 73
142 39 40 50
138 39 40 50
140 39 40 62
143 39 40 62
137 39 40 71
141 39 40 71
147 40 40 80
150 40 40 80
146 40 40 78
149 40 40 78
145 40 40 76
148 40 40 76
