1 0 40 0
2 0 53 0
3 41 85 1
4 41 90 1
5 54 93 2
6 54 104 2
7 86 129 3
10 91 132 4
11 94 133 5
8 86 136 3
12 94 136 5
9 91 144 4
14 105 145 6
13 105 149 6
15 130 167 7
16 130 170 7
24 137 171 12
22 137 173 12
21 137 174 8
17 133 175 10
18 133 178 10
19 134 178 11
26 145 179 9
20 134 180 11
25 145 183 9
23 137 184 8
27 146 185 14
28 146 188 14
29 150 188 13
34 171 203 16
30 150 206 13
41 176 207 17
32 168 207 15
40 175 207 21
33 171 207 16
46 179 210 18
42 176 210 17
37 174 210 22
43 179 210 19
36 172 211 24
53 185 215 23
47 180 215 26
45 179 215 19
39 175 216 21
31 168 216 15
49 181 216 20
35 172 219 24
56 186 221 27
54 185 221 23
48 180 221 26
50 181 222 20
59 189 223 28
38 174 223 22
52 184 224 25
51 184 224 25
57 189 224 28
60 189 225 29
44 179 229 18
55 186 230 27
58 189 231 29
66 208 235 33
65 208 237 40
61 204 238 34
67 208 240 32
79 211 242 46
75 211 242 46
118 230 242 44
117 230 242 44
80 211 242 42
114 225 242 52
111 225 242 52
76 211 242 42
102 222 242 56
113 225 242 51
72 208 242 41
99 222 242 56
84 216 242 53
110 225 242 51
98 222 242 54
120 231 242 55
101 222 242 54
68 208 242 41
119 231 242 55
87 216 242 53
94 217 242 31
130 241 242 67
100 222 242 48
93 217 242 39
91 217 242 31
71 208 242 32
112 225 242 57
90 217 242 39
97 222 242 48
70 208 242 33
69 208 242 40
85 216 242 47
109 225 242 57
129 241 242 67
105 224 242 59
88 216 242 47
126 238 242 65
107 224 242 59
103 223 242 50
124 236 242 66
127 239 242 61
104 223 242 50
89 217 242 49
62 204 242 34
92 217 242 49
125 238 242 65
83 216 242 45
122 232 242 58
128 239 242 61
121 232 242 58
86 216 242 45
73 211 242 37
64 207 242 30
123 236 242 66
115 226 242 60
95 220 242 35
63 207 242 30
74 211 242 43
77 211 242 37
78 211 242 43
96 220 242 35
108 224 242 38
116 226 242 60
106 224 242 38
81 212 242 36
82 212 242 36
